100202
10058
100640
10071
100776
100807
10081
100816
10082
10083
100891
100892
100987
100993
101039
101084
101327
101350
101418
101428
101439
101495
101532
101673
101916
101917
102073
10209
101720
101787
101890
101891
10193
101913
101914
101915
10224
102247
10225
10226
102416
102552
103224
103912
103913
103914
103915
103916
103934
102662
102795
102945
103065
103066
103067
103075
103105
103178
103212
103354
103422
103872
104171
104622
104640
104641
104667
104669
104670
104671
104672
104673
104674
103594
103663
103683
10369
103770
103792
103883
103907
103908
103909
103910
103911
103933
104052
104060
104061
104062
104065
104066
104067
104153
104155
104172
104173
104174
104181
104215
10422
10423
10424
10425
10426
10427
10428
10429
104295
104296
10430
10431
10432
10440
104431
104432
104433
104434
104517
104526
104537
104538
104573
104668
106128
10480
104909
104943
105135
105220
105229
105328
105351
105482
105557
105730
105917
105921
106062
10608
10612
106126
106418
10645
106552
106585
10666
106669
10667
10669
106692
106822
106890
106951
107049
107050
107210
107211
107212
107213
107214
107216
107217
107219
107220
107222
107223
107224
107315
107364
107365
107366
107367
107415
107522
107523
107563
10771
107725
107744
107780
107789
107817
107828
107872
107874
107878
107928
107929
107930
107931
107932
107933
10795
10798
107989
107990
107991
107992
108075
108101
108123
108195
108202
108285
108304
108564
108565
108717
108797
108798
108802
108934
109047
109194
109195
10941
109503
109504
109505
109506
109507
109569
109833
109835
109838
109989
110037
110055
110056
11054
110555
110758
110759
110760
110908
111032
111129
111326
1115
111544
11179
111931
11194
112008
112009
112010
112011
112012
112013
112041
112042
112117
112118
112196
112376
112377
112449
112523
112524
112525
112526
112527
112571
112572
112573
112620
11264
112642
11265
112660
112666
112727
11290
112919
11292
112946
113136
113139
11314
113140
11318
11320
113226
113246
113322
113347
113395
113435
113437
113439
113448
113465
113466
113467
113468
113567
113570
114021
114083
114092
114100
114130
114151
11418
114215
114227
114228
114323
114324
114325
114326
114327
114328
114549
114849
114857
114858
114922
114924
114926
11498
115132
115133
115184
115185
115280
1153
115328
115472
115473
115474
115491
115530
115532
115534
115535
115536
115537
115538
115539
115540
115541
115561
115563
115564
115566
115588
115753
115763
115769
115771
115772
115773
115774
115775
115779
115780
115781
115782
115784
115788
115819
115895
115929
115933
115934
115935
115964
116006
116077
11619
116249
116250
116251
116346
116384
116390
116391
116392
116395
116396
116404
116507
116516
116517
116518
116519
116540
116544
116546
116549
116611
116662
116663
116664
116665
116666
116667
116668
116669
11667
116670
116672
116674
116676
116745
11680
116806
116848
116856
116857
116904
116907
116967
117108
117221
117385
117401
117402
117452
117454
117477
117528
117597
1176
117617
117619
117672
117752
117791
117915
117916
118025
118026
118028
118077
118086
118117
118118
118119
118126
118127
11819
118192
118546
11858
118620
118632
118633
118636
118643
118654
118670
120776
120777
54771
118806
118847
118848
118894
118895
118965
118988
11899
119035
119036
119037
119049
119070
119071
119125
119126
119127
119154
119162
119214
119282
119319
119320
119382
119477
119478
119479
119516
119518
11959
119782
1198
119847
119898
119975
120205
120210
120211
120255
1203
120351
120367
120368
120400
120421
12043
120433
120484
120486
120517
120518
120524
120585
120616
120669
120671
120731
120886
120887
120888
121041
121042
12117
12123
12140
121723
121750
121784
27277
27283
27898
27959
32874
32875
32877
32985
33066
33067
33068
33097
3313
33131
33170
33171
33172
33173
33189
33196
33197
33198
33218
3323
33238
33240
40840
40937
40938
4095
122287
122294
122524
122619
122628
122633
122726
122733
123050
123158
123163
123196
123307
123339
12334
123401
123426
123440
123452
123464
123494
123496
123497
123498
123499
123501
123502
123503
123505
123506
123507
123508
123610
123656
123657
123668
12375
12376
123854
123909
12391
123914
124021
124044
124087
124138
124186
124302
124303
124335
12447
1249
12495
12497
12509
12535
12601
12611
12615
12632
12653
12677
12762
12794
12830
12863
12926
13017
13025
13048
13061
13067
13083
13084
13098
13118
13126
13286
13287
13305
13315
13331
13332
13338
13448
13560
13613
13646
13721
13747
13833
13879
13935
1414
1415
1420
15689
27144
27150
27151
37974
37975
38111
40686
14001
14080
14081
14107
1413
1416
1417
14175
14176
14177
1418
1419
14261
14338
14404
14406
14492
1454
14579
14669
14704
1475
148
14802
14835
14836
14838
14839
14841
14842
14861
14894
14941
15028
15047
15097
15145
15216
15270
1532
15328
15332
15376
15440
15441
15545
15548
15556
15567
15568
15569
15570
15586
15596
15688
1574
15797
15840
15859
15897
15911
15980
16003
16004
16079
16080
16082
16212
16272
16293
16316
16317
16482
16507
16517
16687
16709
16711
16712
16727
16728
16756
16776
16788
16842
16922
16954
16955
16956
16957
17106
17172
17184
1723
1724
17286
1730
17321
17587
1761
17735
17881
17884
17976
1801
18049
18075
18169
18185
18241
18280
18284
18321
18332
18333
18379
18490
18491
18955
19132
19134
19135
19136
19533
19534
19535
19536
21253
21327
21328
21350
21416
30461
30640
30641
18657
18739
18833
18990
18993
19028
19061
19067
1909
1913
19133
19282
19324
19661
19803
19835
19839
19917
19918
19962
20009
20091
20092
20093
20094
20113
2013
20162
20190
20191
20192
20200
20201
20264
20276
20302
20349
20354
20385
20439
20459
20460
20517
20617
20625
20633
20668
20729
20830
20831
20838
20926
20944
21012
21014
21032
21046
21055
21069
21083
21084
21085
21162
21224
21237
21238
21244
21348
21349
21368
21402
21414
21537
21572
21618
21619
21662
21718
2178
2180
21871
2200
22021
22177
22216
22217
22252
22289
22290
22291
22292
22293
22294
22365
22366
22367
22368
22369
22370
22371
22372
22373
22374
22375
22376
22377
22378
22379
22380
22381
22382
22383
22384
22385
22397
22683
22686
22692
22709
2271
22726
22759
22760
22791
22886
22924
22959
23081
23263
23389
23390
23410
23413
23415
23484
23506
23507
23508
23509
23510
23511
23512
23526
23545
23720
23721
23722
23767
23771
23772
23773
23774
23968
23969
23970
23971
23972
23973
23974
23975
23976
23977
23978
23979
23980
23981
23982
23983
24
24112
24137
24138
24173
24174
24178
24280
24298
24299
24344
24407
24438
24439
24441
24502
24604
24691
24822
24823
24824
24825
24826
24827
24828
24829
24831
24832
24833
24851
24852
24853
24855
2462
24632
24633
24767
24810
24819
24820
24821
24830
24834
24854
24924
24929
24948
24959
25005
25006
25013
25076
25078
25121
25122
25267
25301
2533
25423
25436
25588
25589
25609
25634
25791
25863
25950
25951
25955
26003
26025
26026
26027
26028
26029
26030
26031
26032
26043
26057
26058
26111
26123
26124
26125
26126
26130
26131
26132
26133
26164
26192
26194
26278
26304
26324
26344
26345
26346
26382
26383
26399
26400
26611
26657
26678
2678
2687
2700
27011
27017
27018
27053
27090
27140
27152
27214
27216
27280
27281
27282
27284
27293
27295
27736
27773
27776
27938
27976
28033
28059
28065
28151
28154
28250
28304
28323
28325
2835
284
2847
28572
28690
2886
28870
28993
28999
29032
29033
29034
29040
29063
29092
29130
29179
29226
29232
293
29359
29409
29417
29451
29452
29501
29536
29550
29551
29602
29604
29605
29675
29741
29787
29809
29865
29866
29886
29887
29911
29913
29929
29941
2995
29971
29997
30009
30123
30124
30157
30173
30174
30198
30199
30207
30287
30288
30289
30290
30291
30292
30293
30294
30295
30310
30311
30317
30349
30350
30353
30354
30450
30451
30462
30503
30504
30696
3071
30738
30781
3084
30874
30941
30942
30943
30968
30972
31043
31045
31047
31049
31121
31231
31232
31233
31234
31235
31236
31237
31238
31239
31268
31273
3136
31361
31366
31400
31425
31426
31427
31428
31429
31451
31677
31761
31769
31772
31773
31776
31777
31629
31719
31771
31775
3200
32039
32045
3205
32050
32064
3210
32120
32121
32122
32130
32131
32132
32361
32362
32413
32430
32531
32556
32590
3260
32601
3261
32612
32704
32826
32840
32975
32978
33012
33051
33052
33053
33095
33096
33169
33226
33274
33311
33315
3332
33447
33496
33534
33545
33546
33547
33548
33549
33550
33664
33677
33678
33682
33691
33703
33770
33862
33890
33891
34035
34060
34114
34333
34340
34351
34375
34376
34413
34463
34483
34549
34699
3479
34794
34807
34809
34811
3493
34987
34988
34989
34990
34996
34997
34998
34999
35000
35001
35002
35003
35004
35005
35006
35088
35156
35157
35310
35419
35420
35421
35422
35483
35606
35624
35698
35728
35729
35730
35731
35811
35812
35856
35903
35912
35931
3594
35960
35961
36020
36025
36027
36030
36086
36104
36105
36106
36110
36165
36222
36239
36240
3625
3626
36306
36359
36385
36418
36426
36427
36431
36432
36446
36450
36452
36453
36454
36486
36537
36603
36691
36696
36699
36700
36704
36707
36727
36732
36733
36734
36735
36736
36737
36738
36739
36740
36741
36742
36764
36765
36822
36950
36963
36964
37000
37016
37055
37119
37123
37124
37125
37160
37246
37251
37294
37332
37511
37525
37636
37720
37760
37771
37847
37858
37859
37863
37864
37905
37906
37998
38026
38058
38079
38103
38185
38221
38527
38551
38565
38576
38577
38580
38583
38597
38615
38645
38685
38686
3870
38735
38737
3876
38782
38805
38806
38853
3889
38946
39011
39035
39036
39045
39048
39049
3905
3915
39151
39152
39177
39289
39425
39491
39609
39703
39808
39836
39862
39883
39904
39914
3996
39967
400
40100
40120
40145
40146
40148
40151
40153
40179
40213
40366
40424
40425
40426
40427
40451
40939
40664
40688
40814
40880
4099
41040
41041
41048
41049
41050
41051
41052
41120
41140
41150
412
41204
41206
41216
41244
41282
4148
4149
4150
4153
41572
41618
41619
41654
41659
41718
41740
41759
41796
41809
41877
41893
41977
42028
42029
42030
42081
42082
42084
42085
42088
42091
42093
42094
42095
42096
42097
42196
42198
42199
42206
42215
42217
42218
42261
42307
42308
42317
42329
42379
42588
42599
42627
42655
42708
42799
4283
42857
42915
42916
42955
42956
42957
42977
43032
43041
43042
43128
43154
43155
43156
43157
43159
43160
43163
43164
43206
43260
43347
434
43415
43426
43468
43473
4352
43593
43615
43626
43671
43701
43733
43740
4387
43887
44127
44197
44254
44255
44256
44373
44567
44575
44576
44696
44697
44725
44726
44741
4479
44794
44798
4480
44800
44805
44806
44813
44814
44815
44816
44817
44818
44859
44860
44872
44884
44889
44890
44910
44945
44976
45007
45010
45015
45074
45122
45147
45203
45310
45333
45420
45439
45440
45442
45479
45523
45573
4562
45639
45672
45692
45702
45822
46085
46086
46128
4616
4617
4618
46384
464
46458
46470
46476
46480
46567
4657
466
46661
4679
4680
46809
4682
46822
46823
46824
46825
46826
46827
46828
46830
46831
46983
47008
47068
47085
47087
47220
47221
47279
47305
47306
47387
47398
47400
47401
47408
47410
4745
47453
47458
47487
47523
47533
47563
47564
47565
47858
47861
47862
47863
47899
48010
48042
48064
48081
48152
48429
48430
48431
48432
48433
48434
48436
48512
48570
48598
48607
48610
48718
48782
48826
48842
48901
49035
49114
4923
49350
49451
49452
49588
49592
496
49661
49757
49758
49759
49761
49762
49763
4983
49875
49898
49899
49901
49930
49951
49955
49980
50024
50036
50037
50038
50039
50147
50148
50177
50178
50203
50225
50323
50400
50498
58949
58950
50464
50473
50499
50516
50640
5079
50876
50887
50900
51213
513
5159
51708
51763
51861
51893
51894
51966
51999
52000
52001
52041
52046
52076
52092
52104
52164
52173
52174
52196
52197
52198
5225
52281
52282
52283
52284
52285
52287
52354
52384
52482
52483
5249
52600
52649
5266
52682
5274
52830
52906
53092
53097
53098
53102
53202
53466
53550
53551
53607
53696
53817
53818
53819
53820
53822
53980
53982
53987
54027
54080
54096
54160
54180
54278
54410
54508
54509
54516
54683
54770
54863
54870
55008
55009
55010
55011
55012
55075
55449
55463
55497
55555
55556
55564
55579
55580
55581
55584
55714
55715
55716
55717
55719
55720
55721
55863
55890
55910
55959
56033
56054
56151
56172
56204
56294
56295
56296
56320
5662
56753
56777
56809
56810
56811
56812
56813
57094
57096
57097
57098
57099
57102
57172
57259
57260
57261
57262
57272
57275
57276
57364
57395
57511
57512
57581
57593
57594
57595
57596
57597
57598
57599
57600
57655
57672
57792
57867
57877
57991
58047
58211
58273
58394
58396
58514
59006
59045
59046
5913
59420
59524
59529
59671
59701
59827
5990
5995
59978
59979
60041
60102
60162
60175
60223
6027
6028
60312
60313
60319
60320
60321
60323
60355
60382
6044
60531
60533
60623
60657
60864
60868
61157
61269
61466
61498
61499
61500
61677
61679
61687
61732
61816
61826
61827
61947
61975
61991
6205
62305
62419
62661
62688
62696
62710
62711
6277
63132
63229
63284
63340
63393
63428
63434
63438
63495
6357
63583
64680
65046
66257
66905
80673
63646
63647
63722
63838
63841
63844
64194
64196
64198
64200
64202
64204
64206
64208
64210
64212
64214
64216
64218
64295
64365
64366
64481
64562
64613
64628
64658
64674
6493
64957
65291
65314
65349
65453
65465
66256
66287
66345
6645
66493
66494
6650
66515
66575
6660
66606
66747
668
6702
6703
67031
6704
6713
67418
67419
6745
67472
67505
67506
67927
67931
67933
67938
67939
67941
67957
67985
67994
67999
68074
68089
68112
68144
68182
68183
68184
68185
68276
68288
6835
68404
68471
68525
68526
68536
68590
68593
68796
68812
68840
68913
68968
69063
69089
69140
69141
69158
69216
69221
69223
69231
69232
69246
69300
69317
69319
69322
69405
69406
6950
6956
69564
6971
69736
6975
69764
69788
69859
69861
69913
70033
70073
70078
70079
70525
70609
71414
71420
71467
71504
71537
71601
71604
71627
7163
71632
71642
71670
71777
7179
72000
7202
72136
72211
72414
72415
72648
7317
7337
73413
73839
7489
7490
7491
75210
7567
75765
76083
76087
76088
76091
76092
76125
76251
76372
76388
76447
76498
76499
76528
76530
76531
76532
76586
76718
76761
76765
76766
76803
76805
76843
76844
76934
77120
77185
77253
77254
773
77362
77385
77463
77828
77829
77881
77943
77962
77974
78000
78001
78111
7812
78316
78408
78555
78697
78722
78828
78837
78867
78868
78908
78909
78910
79033
79101
79123
79156
79157
79278
79291
79307
79310
79407
79408
79417
79448
79450
79451
79475
7951
7956
79707
79708
79709
79710
79711
79770
79837
8004
80043
80044
80046
80047
80060
80073
80165
80189
80190
80191
80192
80193
80194
80238
80239
80241
80250
80251
80252
80303
80330
80389
8045
80510
8052
8058
80629
80630
80664
10001
10036
100493
100680
1008
100822
100951
80808
8111
81870
81876
82003
82013
82057
82162
82182
82186
82309
82317
82326
82327
82328
82364
82377
82450
8253
82602
82670
82672
82673
82674
82675
82676
82677
82678
82679
82680
82681
82682
82683
82684
82685
82686
82687
82688
82689
82690
82691
82692
82693
82694
82695
82696
82755
82772
82835
82840
82955
8302
8303
83160
83204
83211
8361
8362
8363
83990
8449
8450
8454
84750
85101
85107
85183
8536
85533
85615
8563
8645
8665
8732
87365
87521
88916
88930
89045
8970
89814
89907
90171
9020
90230
9042
9052
90981
91338
9188
91920
921
92206
92236
9234
92351
92372
92375
92495
92571
92608
92609
92611
92624
92754
9296
92966
93226
93260
93313
93323
93551
93552
93568
93572
93574
93648
93650
93652
93656
93711
93725
93726
93728
93729
93761
93768
93771
93789
93839
93857
93947
94247
94250
94252
94255
94289
94405
94485
94489
94502
94548
9473
94757
94856
94862
94870
95007
95041
95060
95216
95217
95218
95219
95220
95225
95228
95229
95233
95238
95240
95241
95336
95359
9536
95420
95421
95422
95434
95437
95438
9549
95587
9567
9580
95950
95966
95967
95968
95969
95970
95997
9607
96110
96111
96112
96164
96165
9617
9618
96289
96293
96294
96315
96356
96456
96460
96461
96504
96519
96541
9661
96661
96797
96798
9685
96859
96895
96896
9690
96998
97011
97161
9717
97201
9725
97283
97284
97285
97296
97303
97307
97308
97422
97480
97552
97555
97588
97651
97652
97653
97655
97951
98051
98052
98065
98066
9808
98087
98133
98156
98158
98159
9818
98196
98202
98228
98247
98304
98336
98398
98506
9851
98537
98538
98539
98540
98894
98897
98902
98904
9918
9957
99607
99692
9970
99716
99809
99848
99859
101701
101941
101942
10195
10293
10299
103636
103651
103707
104021
104151
104152
104156
104752
104917
105352
105367
105368
105369
10551
10552
10553
106131
106191
106359
106400
106401
106889
106891
10754
10755
10794
108115
108117
10858
10859
10860
109350
109463
109464
109465
109466
109467
109468
109469
109470
109471
109472
109588
110051
11032
11037
112031
112043
112044
112178
112277
113188
113470
113627
113628
114663
114921
114923
114925
115353
115861
116003
116057
116218
11642
116606
11676
117593
117899
118017
118018
118019
118020
118021
118022
11817
118659
118662
118663
118665
118674
118677
118684
118693
118698
118712
118713
119139
119140
119141
119142
119143
119144
119145
119146
119147
119149
119150
119848
119849
119850
119851
119852
119853
119854
120732
12129
12246
122646
123417
123421
124048
13293
13294
1330
13304
13614
13615
13653
13755
13756
14163
14164
14165
14679
14720
14721
14722
15460
15720
15772
15910
16510
16511
16512
16516
17405
17588
17596
17729
17971
1877
20116
20140
20141
20142
20626
2082
21419
21540
21780
22138
22231
22390
22793
23169
23572
24139
24140
24141
24142
24143
24366
24987
25142
25642
25702
2603
26902
27266
27947
2853
28743
29026
2936
2947
30911
30933
30934
31574
3365
